4 1023 512 981 532 974 516 1023 492
5 576 826 583 822 595 844 587 848
4 1023 476 1023 492 982 512 976 499
4 912 546 905 533 967 503 974 516
4 893 554 831 581 825 566 887 540
4 603 697 622 688 683 820 664 829
4 609 671 616 687 549 718 542 701
4 852 866 844 847 971 795 979 814
5 605 731 567 750 565 740 601 720
5 630 793 657 848 672 840 644 786
5 560 775 569 798 624 773 612 751
4 594 749 599 758 570 773 564 763
5 528 720 542 713 553 743 539 748
5 543 720 554 746 610 717 601 693
5 571 798 596 786 635 861 610 871
5 596 786 620 774 658 850 637 860
