4 617 325 598 321 611 259 630 263
4 156 405 184 411 183 426 151 419
4 96 421 144 434 139 446 91 438
5 573 314 556 311 565 262 583 266
5 590 305 575 302 583 266 597 268
5 590 305 602 257 611 259 600 308
5 324 241 362 207 452 310 414 343
5 150 333 158 288 288 312 280 357
5 222 437 217 478 182 474 187 433
4 184 373 66 346 72 320 190 347
4 1023 827 1023 847 1001 826 1011 815
4 1019 876 1011 885 978 852 986 844
4 748 1002 735 1014 693 968 706 956
4 597 839 656 903 634 923 575 859
4 519 856 564 806 581 821 536 871
4 517 865 533 882 490 926 473 909
4 478 929 466 940 418 888 430 877
4 450 940 418 909 428 899 460 930
4 492 833 446 884 433 872 478 821
4 531 768 482 815 467 800 517 753
5 498 734 515 751 476 792 458 775
4 457 751 422 708 434 698 469 741
4 485 731 474 741 434 698 445 688
