4 1023 315 1023 335 1001 314 1011 303
4 1019 364 1011 373 978 340 986 332
4 789 535 836 586 815 604 769 553
4 748 490 735 502 693 456 706 444
4 597 327 656 391 634 411 575 347
4 519 344 564 294 581 309 536 359
4 517 353 533 370 490 414 473 397
4 478 417 466 428 418 376 430 365
4 450 428 418 397 428 387 460 418
4 492 321 446 372 433 360 478 309
4 531 256 482 303 467 288 517 241
5 498 222 515 239 476 280 458 263
4 457 239 422 196 434 186 469 229
4 485 219 474 229 434 186 445 176
4 438 646 395 603 411 588 453 631
2 205 689 188 707 91 616 109 598
2 2 713 33 678 220 840 190 875
