4 922 539 978 531 980 546 924 553
4 926 571 924 553 980 546 982 563
4 905 540 907 554 848 562 846 548
4 908 572 852 579 850 562 906 555
4 835 550 837 568 776 575 774 556
4 775 570 780 601 712 612 707 581
4 622 592 694 584 697 613 625 621
4 544 603 598 595 600 612 547 620
4 430 619 432 630 401 636 399 624
4 381 656 398 654 405 710 388 712
4 389 724 452 719 454 739 391 745
4 395 768 392 748 454 739 457 759
4 527 741 483 748 481 732 524 725
4 545 738 544 728 581 725 582 735
4 610 729 607 713 665 703 668 719
4 680 719 679 711 704 707 706 715
4 679 729 678 719 706 715 707 725
4 707 725 706 717 733 712 735 721
4 735 721 733 708 770 704 772 717
4 732 688 771 690 770 704 731 701
4 816 709 779 715 777 701 814 695
4 893 699 837 708 835 692 891 683
5 897 681 835 692 830 667 893 657
4 900 649 950 644 953 665 903 670
4 906 696 902 671 953 665 956 689
4 970 685 969 676 1008 671 1009 680
5 60 873 43 920 7 907 24 860
5 86 810 83 780 146 774 149 804
5 254 785 248 739 299 733 305 778
4 346 775 312 781 310 769 344 763
5 38 496 33 570 10 569 15 494
5 1 492 14 493 12 569 1 569
