2 696 304 661 311 634 167 669 160
5 675 422 668 363 693 360 701 419
4 666 503 667 514 627 520 625 509
4 574 517 577 547 504 556 500 525
4 410 539 466 531 468 546 412 553
4 414 571 412 553 468 546 470 563
4 393 540 395 554 336 562 334 548
4 396 572 340 579 338 562 394 555
4 323 550 325 568 264 575 262 556
4 263 570 268 601 200 612 195 581
4 110 592 182 584 185 613 113 621
4 32 603 86 595 88 612 35 620
4 33 738 32 728 69 725 70 735
4 98 729 95 713 153 703 156 719
4 168 719 167 711 192 707 194 715
4 167 729 166 719 194 715 195 725
4 195 725 194 717 221 712 223 721
4 223 721 221 708 258 704 260 717
4 220 688 259 690 258 704 219 701
4 304 709 267 715 265 701 302 695
4 381 699 325 708 323 692 379 683
5 385 681 323 692 318 667 381 657
4 388 649 438 644 441 665 391 670
4 394 696 390 671 441 665 444 689
4 458 685 457 676 496 671 497 680
4 527 675 524 654 619 642 622 664
4 634 661 631 642 728 629 730 647
5 886 715 907 721 891 781 870 775
4 809 862 820 846 872 882 861 898
4 783 899 793 884 846 915 837 931
4 769 930 778 914 828 942 819 958
4 749 960 757 945 809 972 801 988
4 731 986 741 970 791 1000 781 1016
