2 805 751 892 868 881 877 794 760
4 726 578 737 583 723 613 712 607
4 744 549 756 528 765 533 753 555
4 730 546 723 542 738 517 745 522
4 750 511 742 505 758 482 766 487
4 758 523 770 502 777 506 765 527
4 773 497 782 484 799 496 790 509
4 650 410 623 455 607 445 633 401
4 518 296 605 350 592 371 505 317
4 223 337 262 267 289 282 251 352
4 503 331 509 321 541 339 535 349
4 502 345 509 333 535 349 528 360
5 531 356 539 341 586 367 578 381
5 529 373 537 358 578 381 571 395
4 217 346 243 360 203 434 177 420
4 87 558 167 429 200 449 120 578
4 696 429 692 434 676 420 680 415
4 685 438 674 427 679 422 690 433
4 601 362 607 354 635 374 629 382
