3 1 586 1 424 74 638 24 656
4 773 249 808 244 813 256 776 260
4 713 269 759 260 763 279 720 284
4 824 239 835 238 840 264 829 265
4 496 160 513 158 514 170 498 170
4 917 254 854 261 852 246 915 239
4 700 289 635 299 633 284 697 274
4 639 267 689 258 692 275 642 284
5 491 82 527 82 528 156 492 157
4 505 42 505 82 491 82 491 42
4 599 1 605 1 605 23 599 23
4 617 1 618 19 610 20 609 1
4 677 1 677 49 660 48 660 1
4 705 1 706 36 693 36 693 1
4 872 134 855 139 834 72 851 66
3 99 897 146 1022 205 1023 153 874
