2 218 679 224 807 208 808 202 680
2 274 680 276 812 262 812 260 680
4 367 734 368 797 353 797 353 734
4 377 801 375 736 391 736 393 800
4 415 603 414 617 370 616 371 602
4 484 614 484 601 543 598 544 612
4 557 597 649 599 648 619 557 618
2 722 523 722 632 707 632 707 523
5 761 838 756 825 813 805 817 818
5 625 695 623 684 668 676 670 688
5 629 704 628 690 670 688 670 702
5 635 715 635 705 675 704 675 715
5 628 717 585 717 585 703 628 703
5 632 740 631 724 677 724 677 740
5 702 712 726 712 726 768 702 768
5 631 748 680 748 680 773 630 772
5 630 764 630 777 586 777 586 764
5 839 812 832 793 877 775 884 794
5 926 780 917 753 985 731 994 757
4 946 845 952 861 892 882 887 866
