2 218 167 224 295 208 296 202 168
4 651 91 669 91 671 106 654 106
2 274 168 276 300 262 300 260 168
4 367 222 368 285 353 285 353 222
4 377 289 375 224 391 224 393 288
4 415 91 414 105 370 104 371 90
4 484 102 484 89 543 86 544 100
4 557 85 649 87 648 107 557 106
2 722 11 722 120 707 120 707 11
5 761 326 756 313 813 293 817 306
5 625 183 623 172 668 164 670 176
5 629 192 628 178 670 176 670 190
5 635 203 635 193 675 192 675 203
5 628 205 585 205 585 191 628 191
5 632 228 631 212 677 212 677 228
5 702 200 726 200 726 256 702 256
5 631 236 680 236 680 261 630 260
5 630 252 630 265 586 265 586 252
5 839 300 832 281 877 263 884 282
5 926 268 917 241 985 219 994 245
4 946 333 952 349 892 370 887 354
2 863 617 899 605 1006 917 970 929
