4 1 101 1 87 31 86 32 100
4 143 90 163 93 163 100 144 100
4 45 85 137 87 136 107 45 106
2 210 11 210 120 195 120 195 11
5 249 326 244 313 301 293 305 306
5 113 183 111 172 156 164 158 176
5 117 192 116 178 158 176 158 190
5 123 203 123 193 163 192 163 203
5 116 205 73 205 73 191 116 191
5 120 228 119 212 165 212 165 228
5 190 200 214 200 214 256 190 256
5 119 236 168 236 168 261 118 260
5 118 252 118 265 74 265 74 252
5 327 300 320 281 365 263 372 282
5 414 268 405 241 473 219 482 245
5 564 214 490 241 475 201 550 173
5 570 210 566 197 602 187 606 201
4 652 262 623 183 645 175 674 253
4 643 263 648 281 579 301 574 282
4 493 314 560 291 566 309 499 332
4 434 333 440 349 380 370 375 354
2 351 617 387 605 494 917 458 929
