5 83 157 84 307 31 307 30 158
5 923 518 938 500 1001 553 987 570
5 847 515 844 499 895 489 898 506
5 834 520 803 530 800 521 832 512
5 798 530 757 537 755 523 795 516
5 757 508 793 503 795 516 759 522
4 754 496 792 491 793 503 755 508
5 752 535 711 547 705 528 746 515
5 693 507 745 489 753 510 701 529
4 687 532 689 547 626 554 624 540
5 620 557 573 566 571 554 617 545
5 509 577 504 552 564 540 569 565
5 482 340 518 341 517 416 481 415
5 541 408 515 408 516 341 542 341
5 494 334 484 335 482 291 493 290
4 861 384 845 390 824 328 840 322
4 683 242 696 245 690 276 670 274
4 593 182 593 196 621 196 621 182
4 783 249 791 251 790 276 779 276
4 751 220 751 230 774 230 776 219
4 574 243 580 243 578 269 569 268
4 586 236 593 237 593 267 582 266
4 599 237 611 240 607 271 598 270
