5 864 798 790 798 790 764 864 764
4 170 246 183 248 178 279 164 276
4 270 258 281 258 281 274 269 273
4 238 221 260 218 261 232 243 232
4 26 391 40 389 43 409 29 413
4 289 509 318 501 319 513 293 521
4 188 493 213 486 216 499 193 509
4 77 183 112 183 112 196 78 195
5 757 797 651 713 681 675 787 759
5 806 749 790 765 766 742 781 726
5 724 682 779 724 766 742 710 700
5 723 676 711 695 684 678 697 659
4 601 656 585 647 625 581 640 590
4 554 616 541 606 584 548 597 557
5 411 518 426 500 489 553 475 570
5 335 515 332 499 383 489 386 506
5 322 520 291 530 288 521 320 512
5 286 530 245 537 243 523 283 516
5 245 508 281 503 283 516 247 522
4 242 496 280 491 281 503 243 508
5 240 535 199 547 193 528 234 515
5 181 507 233 489 241 510 189 529
4 175 532 177 547 114 554 112 540
5 108 557 61 566 59 554 105 545
5 1 576 1 550 52 540 57 565
5 29 408 3 408 4 341 30 341
4 349 384 333 390 312 328 328 322
