5 607 402 496 478 469 438 580 362
2 931 909 919 891 985 846 997 863
5 417 150 411 141 444 117 450 126
5 493 138 487 128 522 108 527 118
5 434 177 428 168 462 144 468 152
5 483 201 456 219 450 210 477 193
5 500 227 495 220 521 201 526 209
5 761 490 792 471 785 461 753 481
5 942 943 979 919 972 908 938 928
5 990 910 1024 889 1017 878 984 900
5 689 554 716 594 608 667 582 625
5 709 540 729 568 806 517 786 490
5 715 575 737 604 828 542 808 515
5 735 605 751 627 816 582 802 560
4 527 257 545 243 550 249 533 263
4 461 109 479 98 483 106 465 117
5 497 407 518 391 525 401 504 416
