4 479 800 496 791 536 860 519 870
4 641 789 624 801 578 735 595 724
5 631 460 654 511 639 518 616 467
4 617 491 627 487 644 529 634 533
4 515 975 538 1021 527 1022 510 987
4 130 277 130 293 105 293 108 280
4 468 159 460 165 474 185 484 178
4 485 184 476 188 492 216 501 213
4 512 246 504 251 516 270 524 266
4 548 308 542 310 557 333 563 331
4 551 321 540 326 558 354 568 347
4 573 346 560 351 571 383 586 378
4 500 204 510 200 514 216 505 220
4 496 226 506 226 509 239 503 241
4 513 224 521 221 525 233 519 235
