4 921 170 785 252 770 227 906 145
4 658 123 664 82 678 84 672 125
5 467 315 408 352 395 331 455 295
5 476 339 421 373 408 352 463 318
5 383 377 281 447 262 419 364 350
5 403 403 298 473 281 447 386 377
5 413 429 320 494 303 470 396 405
5 422 452 340 514 324 491 406 430
5 447 476 346 548 326 519 427 448
5 561 586 619 551 669 635 611 670
5 260 453 153 526 134 498 242 426
5 249 484 177 533 166 517 238 468
5 279 498 179 572 161 548 261 474
5 298 524 199 598 179 572 278 497
5 320 548 224 618 206 593 302 523
5 372 686 258 742 245 714 359 658
5 575 641 480 696 468 676 564 621
5 589 660 499 718 483 694 573 636
5 607 684 507 743 494 721 593 661
5 376 719 268 774 254 746 361 691
5 434 710 359 754 347 733 422 690
5 284 791 275 774 352 731 361 748
5 295 811 284 794 350 754 360 771
5 437 730 379 763 370 748 428 715
5 441 749 385 782 375 766 431 733
5 450 767 394 798 385 782 441 751
5 459 776 398 813 390 800 451 763
5 278 852 264 828 360 771 375 796
5 395 820 286 883 270 856 380 793
5 280 887 245 909 240 900 274 878
5 268 870 273 878 248 895 243 887
5 230 914 202 933 195 923 223 904
5 165 902 173 895 195 923 187 930
5 144 866 154 859 177 893 168 899
4 156 841 147 846 129 813 137 808
4 102 791 77 755 86 748 111 785
4 72 746 54 716 64 710 82 741
4 50 717 31 685 44 678 63 709
1 1 588 25 569 29 575 3 594
1 7 600 3 596 29 575 33 579
4 11 607 7 601 29 582 34 588
4 37 570 31 561 58 545 63 555
4 74 546 69 539 101 518 106 525
4 112 524 106 516 125 502 131 509
5 464 772 454 754 492 732 503 746
