4 783 603 777 703 743 701 749 601
4 724 607 747 608 742 708 719 706
4 776 745 773 844 742 843 744 745
4 773 877 771 979 742 978 744 876
4 717 875 744 876 742 978 714 977
4 806 249 763 264 761 252 801 238
4 789 228 751 242 755 254 793 243
4 653 83 632 111 636 115 662 93
4 674 107 684 114 670 129 659 122
4 691 117 701 124 675 151 666 143
4 701 125 709 131 682 154 676 150
4 708 134 715 139 695 159 688 151
4 714 142 722 149 702 165 694 158
4 720 150 727 156 703 177 697 170
4 728 153 735 161 706 185 700 178
4 817 395 826 400 809 420 801 414
4 831 416 834 423 809 431 808 425
4 815 445 818 455 851 443 847 431
4 842 489 833 489 831 465 839 466
4 872 479 864 483 852 458 862 456
4 866 454 859 456 872 479 878 477
4 874 452 866 455 879 479 884 477
4 881 450 875 452 884 478 891 475
4 783 333 785 341 805 334 804 325
4 804 366 803 373 819 372 819 366
4 218 953 228 948 243 963 237 969
4 199 967 204 961 228 980 223 990
4 183 985 191 977 215 996 203 1003
4 159 1010 167 1003 190 1020 177 1021
