4 271 91 265 191 231 189 237 89
4 212 95 235 96 230 196 207 194
4 264 233 261 332 230 331 232 233
4 261 365 259 467 230 466 232 364
4 205 363 232 364 230 466 202 465
4 24 832 46 930 20 936 1 842
5 163 795 154 783 200 751 209 763
4 205 747 212 761 239 741 232 728
4 220 784 225 790 204 804 199 798
4 262 771 263 779 225 783 225 775
4 268 779 268 788 229 794 229 785
4 267 790 268 799 228 804 230 794
4 281 836 281 844 247 847 245 836
4 281 849 280 857 251 860 252 850
4 284 863 284 871 248 877 248 867
4 230 887 217 888 224 922 236 918
4 217 886 205 886 216 923 223 922
4 265 882 285 877 287 882 267 888
4 183 896 193 893 196 914 194 915
