2 37 1 20 39 8 33 23 1
2 64 1 46 49 33 45 49 1
4 298 142 199 107 209 80 308 115
5 439 117 415 171 396 163 420 109
5 461 128 435 189 412 179 438 118
5 494 137 465 206 435 193 464 124
5 727 111 754 149 652 222 625 183
5 603 146 704 72 729 107 629 182
5 568 151 578 232 543 236 533 155
5 505 161 533 157 543 236 514 240
5 496 170 507 169 509 197 498 197
5 492 202 506 199 513 228 499 231
5 587 203 589 231 578 232 576 203
5 129 84 162 94 163 85 132 71
5 866 57 841 30 849 23 875 49
4 863 24 874 16 889 39 883 49
