3 1 795 1 743 191 653 211 696
5 134 581 185 561 178 545 128 567
5 96 599 132 582 127 572 88 589
5 41 628 95 602 88 587 33 613
5 43 640 104 618 100 607 43 629
4 265 663 276 676 257 691 248 679
4 243 687 251 696 228 716 222 707
4 33 809 42 817 16 835 13 823
4 63 792 69 804 52 814 48 804
4 299 683 305 688 293 704 285 696
4 294 713 299 721 279 734 275 723
4 173 730 181 741 161 752 157 741
4 146 746 153 755 140 769 132 762
4 90 807 100 816 84 835 74 825
4 70 832 77 840 65 849 60 841
4 65 846 73 853 60 868 51 861
4 99 778 105 784 90 798 83 790
4 179 778 182 790 163 799 159 790
4 199 721 207 732 193 741 184 732
4 223 732 227 743 209 750 205 738
4 207 770 213 778 202 790 195 785
4 148 802 156 815 143 823 135 815
4 248 757 251 770 225 771 224 760
4 258 720 265 730 249 743 243 733
4 395 854 402 866 377 880 369 866
4 486 792 498 802 479 823 465 813
4 498 757 509 753 499 731 490 734
4 512 752 519 749 509 732 501 736
4 485 762 493 757 482 735 474 738
4 374 921 380 929 359 941 355 928
4 148 931 160 940 145 952 138 941
4 145 969 149 982 118 995 115 979
4 202 955 205 967 182 967 181 955
