3 1 283 1 231 191 141 211 184
4 124 958 87 965 64 849 101 842
5 97 85 129 71 125 56 89 74
5 139 68 183 49 179 39 134 55
5 42 113 96 92 90 76 33 104
5 46 124 100 108 94 94 45 112
4 263 147 279 161 258 180 245 167
4 242 174 251 179 233 203 221 196
4 297 168 305 176 292 190 285 185
4 292 199 297 209 281 219 275 209
4 254 210 261 219 248 227 242 219
4 223 218 228 226 211 236 205 227
4 198 210 205 219 191 229 185 219
4 170 217 179 228 162 239 156 230
4 145 231 155 240 141 255 131 248
4 242 245 246 258 225 259 225 247
4 205 255 219 262 201 278 193 270
4 174 266 179 273 167 286 157 276
4 150 289 159 301 141 312 133 296
4 93 267 101 274 88 286 82 280
4 89 296 97 303 82 321 73 313
4 60 277 69 286 54 299 48 291
4 34 295 43 306 19 323 10 312
4 66 320 75 325 64 335 58 330
4 62 334 71 340 58 355 51 347
4 394 342 400 354 375 368 369 356
4 149 414 160 425 146 438 136 428
4 205 442 204 453 182 451 180 442
4 142 456 151 465 123 483 115 471
4 374 408 379 418 358 428 350 417
4 488 279 497 286 479 310 468 302
4 490 225 499 223 505 245 497 247
4 525 236 529 243 513 250 510 242
4 503 225 509 223 516 238 509 240
4 482 228 475 230 481 247 490 244
