4 898 299 931 291 965 425 932 433
4 873 355 891 351 903 415 886 417
4 469 236 477 235 477 254 469 254
4 440 359 458 351 461 358 442 365
4 437 379 465 371 467 378 440 389
4 436 393 470 378 473 388 441 402
4 806 204 815 202 820 223 810 223
4 688 431 653 548 618 538 654 421
4 889 437 868 441 851 355 872 351
4 673 385 697 315 719 323 695 393
4 639 423 597 413 600 399 642 410
4 808 229 809 245 859 239 855 218
4 677 212 676 229 647 224 649 212
4 562 234 547 238 559 267 575 262
4 431 406 438 416 467 398 463 389
4 393 337 382 337 387 362 398 361
4 399 360 409 358 404 331 394 332
4 426 353 438 352 431 322 419 326
4 459 327 451 334 463 353 471 346
4 390 296 396 311 424 299 419 287
4 439 287 429 287 431 320 443 316
4 471 276 452 277 457 313 469 311
4 445 284 435 284 443 315 451 311
4 659 332 668 335 654 378 641 372
4 480 260 480 271 502 265 502 256
5 870 266 857 269 873 326 886 323
5 804 298 788 301 799 355 816 351
4 793 276 780 274 778 297 793 297
