4 196 1023 147 1023 193 884 237 898
4 888 183 843 327 818 319 862 175
4 495 377 468 377 468 284 495 283
4 500 246 475 246 475 155 500 155
4 511 157 484 157 485 65 512 66
4 409 384 390 384 392 310 410 310
2 167 1 119 132 79 117 121 1
3 100 2 15 237 1 145 39 1
3 397 1022 449 885 408 867 328 1021
5 703 145 714 97 704 89 692 137
5 688 86 708 33 698 33 677 81
5 925 92 940 41 930 37 911 84
5 715 88 731 43 723 41 701 85
5 886 77 898 39 912 45 896 85
5 457 228 415 224 407 387 449 389
5 532 82 537 99 601 80 592 59
