2 674 1 706 1 747 68 724 82
2 647 1 676 1 717 91 692 102
2 620 1 647 1 686 105 663 114
2 602 1 640 107 616 115 575 1
2 553 1 580 1 605 118 580 124
2 533 1 558 1 572 126 546 129
2 479 161 452 172 387 15 414 4
2 431 178 365 25 387 15 453 168
2 371 139 485 261 470 275 356 153
2 364 162 480 279 462 296 347 179
2 353 186 469 302 451 320 335 204
2 312 229 451 320 438 341 299 250
2 291 272 307 249 396 313 380 336
2 274 289 291 268 381 339 364 360
2 261 309 280 287 364 360 345 382
2 251 326 268 311 344 392 328 408
2 234 347 253 330 329 414 310 431
2 223 362 241 347 317 438 299 453
