5 889 1015 862 1015 862 919 888 918
4 899 908 913 908 914 933 903 933
4 991 841 1009 845 1006 871 984 869
5 734 875 653 879 641 615 722 612
4 723 383 703 383 705 306 725 307
2 390 62 369 70 341 1 365 1
2 363 235 321 90 341 85 384 229
2 339 218 317 225 274 90 296 83
2 291 68 268 75 245 1 270 1
2 278 356 225 221 247 212 300 348
2 257 358 200 224 222 215 279 348
2 246 378 225 387 168 254 189 245
2 1 214 22 202 70 325 46 334
2 56 373 81 363 131 485 106 495
2 146 485 169 470 235 580 212 594
2 128 495 152 484 205 603 180 614
2 105 504 129 495 174 617 151 626
2 85 495 128 619 104 627 61 504
2 41 509 67 503 93 630 68 636
2 21 512 46 509 60 638 34 641
5 686 237 688 115 722 115 725 238
5 875 917 872 871 885 872 887 915
