4 715 685 707 694 673 663 681 654
4 752 777 753 815 744 815 743 778
4 753 815 757 855 748 855 745 816
4 659 658 662 703 652 703 648 659
4 632 660 642 660 644 694 634 695
4 590 653 579 654 577 614 588 613
4 563 653 561 615 570 615 572 652
4 710 852 697 851 698 813 711 813
4 686 853 683 807 694 806 697 853
4 679 856 667 856 667 811 678 810
4 649 858 636 858 635 813 647 813
4 629 858 620 858 620 824 629 824
4 607 876 571 878 570 868 607 866
4 538 708 505 706 505 697 538 699
4 543 745 543 756 506 758 505 746
4 540 764 507 767 506 758 539 755
4 541 773 507 774 507 767 541 766
4 543 792 504 792 504 781 543 781
