5 188 948 131 899 331 664 388 713
4 796 943 814 931 818 938 805 951
4 552 1009 573 1000 577 1008 556 1016
4 638 982 662 973 666 984 643 992
5 114 836 61 789 229 603 282 650
4 36 619 26 592 149 541 160 568
5 385 478 445 446 440 435 376 461
4 274 555 254 581 333 625 347 602
4 819 754 813 761 828 774 837 767
4 843 795 836 801 860 823 869 815
4 743 844 745 857 768 858 768 846
4 635 965 640 978 664 966 657 957
4 773 945 766 953 801 993 813 986
4 847 932 850 939 837 950 830 943
4 840 925 846 932 829 943 827 935
4 836 915 840 922 825 933 821 927
4 835 906 840 910 826 925 819 919
4 279 445 303 491 322 483 296 436
4 333 458 340 477 387 454 378 436
4 599 959 603 969 626 959 621 949
4 549 996 551 1007 576 999 573 989
4 809 764 800 774 823 790 831 781
4 610 989 612 998 634 989 632 981
4 518 1004 522 1016 546 1008 544 998
4 788 844 795 845 788 864 780 860
4 650 1001 653 1010 672 1002 671 993
4 760 868 761 876 780 875 779 865
4 780 914 787 922 801 906 795 900
4 907 853 917 859 896 890 883 882
4 897 889 905 895 930 859 919 853
4 922 868 931 873 909 909 899 902
4 931 873 943 879 920 917 908 910
4 841 408 830 417 866 451 881 438
