4 952 306 967 120 1013 124 999 310
4 21 190 10 193 20 209 27 207
4 10 194 6 198 14 210 19 206
4 11 174 4 177 11 190 17 187
4 56 287 48 293 57 309 63 306
4 47 293 38 299 48 313 54 310
4 37 298 31 302 40 318 47 315
4 29 304 23 308 31 321 37 321
4 22 305 13 308 19 327 28 325
4 11 311 6 315 13 329 19 328
4 66 313 60 317 65 329 72 325
4 57 314 51 318 58 334 66 331
4 48 319 40 323 49 342 57 340
4 40 324 32 327 39 346 46 344
4 29 328 23 332 31 348 39 344
4 20 334 13 337 23 358 31 357
4 13 338 6 342 14 358 19 356
