5 50 476 73 478 69 542 46 540
5 200 41 198 58 148 52 150 35
5 191 76 121 69 123 50 193 57
4 225 49 212 172 189 170 203 47
4 364 55 415 61 395 248 343 242
4 499 68 478 261 423 255 444 62
4 473 341 451 529 398 523 419 335
4 755 165 797 188 722 328 680 305
4 928 55 945 80 839 150 822 125
4 979 146 877 230 857 206 960 122
4 1023 755 1018 767 1009 762 1023 736
4 986 824 975 819 992 783 1004 789
5 1003 826 986 857 973 850 990 819
4 1014 832 1000 867 986 861 1001 826
4 1024 838 1010 866 1002 862 1015 833
4 988 625 968 662 956 655 977 618
4 965 614 975 620 959 649 949 644
4 971 663 945 710 933 703 959 656
4 940 660 951 665 933 703 922 698
5 896 746 918 703 930 709 908 752
4 935 724 918 757 908 752 925 719
4 889 792 876 785 896 746 908 752
4 871 815 859 808 873 783 885 790
5 883 756 876 752 888 729 896 733
5 874 778 866 775 876 752 883 755
5 871 780 856 808 848 804 863 776
4 852 779 847 788 813 769 818 759
4 841 797 811 780 816 771 846 788
4 814 758 807 771 770 749 777 736
4 777 736 770 750 726 726 733 713
4 689 691 732 713 726 726 682 705
4 711 733 678 709 685 700 717 724
4 710 655 682 697 670 689 698 647
4 684 640 696 649 666 691 654 683
4 736 600 709 649 696 642 723 593
