4 912 34 905 21 948 1 972 2
5 576 312 583 309 595 333 588 336
4 893 42 831 69 825 54 887 28
4 603 185 622 176 683 308 664 317
4 609 159 616 175 549 206 542 189
4 852 354 844 335 971 283 979 302
5 571 234 601 218 597 207 566 222
5 629 281 655 334 670 327 642 276
4 595 236 599 246 571 260 567 250
5 607 238 620 262 571 286 561 265
5 571 287 596 275 635 348 606 359
5 621 263 596 275 634 346 658 333
5 532 210 544 205 552 225 542 234
5 546 211 599 186 609 205 554 231
4 616 205 624 203 633 221 625 224
4 586 239 596 235 606 258 599 263
