4 765 283 807 353 790 364 747 294
4 578 365 605 424 591 430 564 371
4 534 502 469 532 462 516 526 486
4 517 474 523 488 470 512 464 499
4 400 546 393 533 455 503 462 516
4 381 554 319 581 313 566 375 540
4 91 697 110 688 171 820 152 829
4 97 671 104 687 37 718 30 701
4 340 866 332 847 459 795 467 814
5 57 749 94 730 88 720 55 735
5 149 848 119 796 130 787 162 841
5 15 720 31 713 39 741 28 745
5 32 723 87 696 99 718 43 744
4 53 762 56 772 87 756 83 746
5 50 778 58 798 110 773 100 752
5 61 798 96 873 122 859 84 786
5 83 787 124 863 148 849 106 774
5 60 823 70 819 85 846 74 852
