4 602 933 584 932 586 831 604 831
5 870 284 874 249 865 246 857 282
5 861 166 865 135 859 134 851 161
5 848 131 846 162 853 162 860 128
4 390 253 402 251 411 293 394 296
4 437 300 433 294 414 309 418 313
4 441 307 434 301 420 314 423 318
4 802 28 824 29 821 85 798 84
4 823 32 841 33 837 82 820 81
4 842 0 868 3 862 133 833 130
4 869 0 892 2 885 136 861 135
5 832 152 830 191 852 191 850 152
5 833 192 834 223 850 223 851 192
5 823 224 826 250 838 250 836 222
5 836 250 833 278 846 280 850 251
5 837 280 835 308 849 308 850 280
4 809 483 815 483 809 498 815 498
