4 90 933 72 932 74 831 92 831
4 297 481 305 481 297 498 305 498
5 334 157 337 131 343 131 345 155
5 352 162 353 130 345 129 340 162
5 359 286 360 246 352 245 345 283
5 289 29 310 29 308 83 285 81
5 310 33 328 33 325 81 308 80
5 331 2 326 65 350 67 357 1
5 327 67 319 129 346 131 352 67
5 357 0 346 133 368 135 379 0
5 319 152 318 190 337 191 337 153
5 321 192 322 223 337 224 337 192
5 310 225 312 248 325 250 323 225
5 323 225 325 250 336 250 337 225
5 325 250 320 278 334 280 336 252
5 315 285 313 302 325 301 327 283
5 326 283 325 308 336 308 337 281
