5 561 74 619 39 669 123 611 158
5 260 1 179 60 161 36 209 1
5 293 6 199 86 179 60 258 1
5 320 36 224 106 206 81 302 11
5 372 174 258 230 245 202 359 146
5 575 129 480 184 468 164 564 109
5 589 148 499 206 483 182 573 124
5 607 172 507 231 494 209 593 149
5 376 207 268 262 254 234 361 179
5 434 198 359 242 347 221 422 178
5 284 279 275 262 352 219 361 236
5 295 299 284 282 350 242 360 259
5 437 218 379 251 370 236 428 203
5 441 237 385 270 375 254 431 221
5 450 255 394 286 385 270 441 239
5 459 264 398 301 390 288 451 251
5 278 340 264 316 360 259 375 284
5 395 308 286 371 270 344 380 281
5 280 375 245 397 240 388 274 366
5 268 358 273 366 248 383 243 375
5 230 402 202 421 195 411 223 392
5 165 390 173 383 195 411 187 418
5 144 354 154 347 177 381 168 387
5 156 329 147 334 129 301 137 296
5 102 279 77 243 86 236 111 273
5 72 234 54 204 64 198 82 229
5 50 205 31 173 44 166 63 197
5 1 76 25 57 29 63 3 82
5 7 88 3 84 29 63 33 67
5 11 95 7 89 29 70 34 76
5 37 58 31 49 58 33 63 43
5 74 34 69 27 101 6 106 13
5 112 12 106 4 111 1 127 1
5 503 235 492 219 456 241 465 258
