4 973 264 1012 351 988 361 949 275
4 928 280 952 270 988 361 964 371
4 1000 447 905 490 894 466 989 423
4 883 501 787 547 775 523 871 476
4 856 455 867 477 773 524 761 502
4 499 533 426 563 419 546 492 516
5 465 566 471 576 445 591 439 581
5 483 584 488 592 457 615 451 607
5 497 603 461 626 455 616 491 593
5 495 618 464 637 459 629 490 610
5 326 217 296 234 290 224 321 207
5 294 240 306 236 316 267 304 271
5 778 274 821 251 816 234 766 260
4 471 636 498 620 501 630 476 645
4 445 590 468 578 474 584 450 599
5 405 509 416 501 431 528 420 533
