2 583 322 549 377 532 366 566 311
2 530 295 499 349 481 339 512 285
2 544 307 562 317 530 373 512 364
2 458 227 439 218 465 161 484 169
5 811 527 794 526 801 451 819 453
2 822 989 802 982 849 858 868 865
2 727 836 645 893 633 875 715 819
2 787 943 767 996 753 991 772 938
2 672 782 649 806 642 799 664 775
5 640 831 619 849 613 841 634 824
2 711 764 655 823 643 812 699 752
2 692 813 702 826 640 875 630 862
2 730 786 704 814 696 806 722 778
5 728 798 715 814 709 809 722 793
4 419 278 402 313 415 317 436 285
5 716 587 710 601 744 618 750 606
4 391 276 403 281 393 299 385 295
4 785 972 798 977 788 1001 780 996
