2 310 477 290 470 337 346 356 353
2 559 492 532 551 520 545 547 486
2 580 502 558 561 545 557 567 497
2 215 324 133 381 121 363 203 307
2 275 431 255 484 241 479 260 426
2 246 563 237 559 255 519 264 523
2 228 554 245 515 255 519 238 558
2 160 270 137 294 130 287 152 263
5 128 319 107 337 101 329 122 312
2 199 252 143 311 131 300 187 240
2 180 301 190 314 128 363 118 350
2 218 274 192 302 184 294 210 266
5 216 286 203 302 197 297 210 281
4 810 654 711 619 721 592 820 627
5 951 629 927 683 908 675 932 621
5 973 640 947 701 924 691 950 630
5 1006 649 977 718 947 705 976 636
5 1004 714 1018 711 1023 738 1011 743
5 644 597 671 605 673 597 644 586
4 276 463 284 466 275 487 267 484
5 1008 680 1019 680 1020 709 1011 709
