2 47 492 20 551 8 545 35 486
2 68 502 46 561 33 557 55 497
4 298 654 199 619 209 592 308 627
5 439 629 415 683 396 675 420 621
5 461 640 435 701 412 691 438 630
5 494 649 465 718 435 705 464 636
5 727 623 754 661 652 734 625 695
5 603 658 704 584 729 619 629 694
5 568 663 578 744 543 748 533 667
5 505 673 533 669 543 748 514 752
5 496 682 507 681 509 709 498 709
5 492 714 506 711 513 740 499 743
5 587 715 589 743 578 744 576 715
5 960 230 870 184 889 145 980 192
5 922 242 866 212 878 188 934 218
5 875 234 880 222 908 234 903 246
5 132 598 162 607 165 597 134 585
5 840 539 867 568 873 563 846 527
4 865 535 874 529 890 556 883 563
