5 1023 252 1023 332 1001 332 1005 252
5 1023 431 1023 501 1003 503 999 433
5 932 550 933 529 1003 531 1002 552
2 593 415 395 240 423 208 620 383
4 389 382 379 394 334 355 344 343
5 498 474 537 505 524 521 485 490
2 361 482 379 482 377 597 358 597
2 400 490 398 585 377 584 379 490
4 356 727 356 677 370 677 370 727
4 413 792 412 835 399 834 399 792
2 328 837 357 836 359 999 330 999
2 627 899 627 1023 597 1023 597 899
2 1 208 1 153 366 156 366 211
5 328 472 360 472 359 577 327 577
5 612 575 602 581 616 605 629 599
5 727 518 722 530 740 545 748 534
