2 697 540 688 586 282 502 292 456
5 660 317 669 311 685 333 678 340
3 1023 943 760 994 745 917 1023 863
4 668 352 656 363 685 393 694 383
4 723 364 734 379 704 397 696 385
4 765 334 773 345 749 368 738 358
4 735 302 748 316 714 335 706 323
4 1018 479 1018 492 989 492 988 480
4 1013 465 1016 476 991 480 990 468
4 1003 421 1006 433 984 437 982 426
4 1006 387 1010 398 984 405 981 393
4 532 417 532 422 555 425 556 419
4 532 425 531 429 553 433 555 426
4 381 393 379 402 402 406 404 395
4 689 450 688 460 709 465 712 452
4 181 433 184 445 204 439 202 429
4 373 407 371 415 389 420 390 410
4 397 410 394 420 412 424 415 413
4 410 402 410 407 429 410 429 402
4 92 456 94 465 115 459 113 450
4 71 462 73 471 90 466 89 456
4 52 467 54 474 71 469 70 461
4 60 482 63 489 87 482 85 473
