5 699 154 698 136 764 133 765 152
4 100 685 118 684 120 750 103 750
5 702 174 701 157 765 152 766 169
5 732 325 747 231 782 236 767 331
5 797 320 770 316 781 245 807 249
5 735 483 748 404 776 409 763 488
5 791 494 767 491 776 409 800 411
5 574 537 574 512 635 513 634 538
5 662 545 664 524 745 529 744 551
5 656 570 657 547 732 550 731 573
2 135 245 164 210 329 345 301 381
4 161 434 123 397 137 382 175 419
4 211 477 169 436 183 422 225 462
5 220 492 236 471 274 500 258 521
4 117 471 73 469 73 454 118 455
2 93 470 116 471 112 591 89 590
2 140 472 131 592 112 591 121 471
2 59 801 68 633 106 635 97 803
4 119 685 137 686 134 743 116 742
2 337 704 371 704 369 864 335 864
4 954 512 954 527 998 527 998 513
