4 898 811 931 803 965 937 932 945
4 874 868 889 865 902 925 886 927
4 783 789 790 789 790 808 784 807
4 807 718 815 717 818 735 810 734
4 479 774 498 770 500 777 480 781
4 688 943 663 1023 626 1023 654 933
4 889 949 868 953 851 867 872 863
4 673 897 697 827 719 835 695 905
4 639 935 597 925 600 911 642 922
4 424 840 433 840 437 865 427 865
4 393 846 405 845 409 874 398 876
4 383 851 394 848 397 877 388 877
4 393 810 399 822 420 812 417 799
4 459 843 452 848 462 864 468 858
4 442 825 431 825 430 798 438 798
4 455 786 465 786 467 823 456 823
4 441 791 453 788 458 813 450 816
4 442 822 452 821 442 793 437 795
4 467 745 478 745 478 767 467 768
4 428 921 438 931 466 911 460 903
4 442 901 445 909 466 900 464 894
4 439 892 441 899 467 891 466 883
4 438 870 442 879 464 868 459 861
4 641 887 653 891 667 848 655 843
4 560 747 551 748 559 777 573 773
4 676 726 676 739 647 739 647 727
4 854 731 856 746 810 758 805 736
5 798 863 814 859 801 806 787 809
5 870 776 856 781 871 839 886 835
