5 79 695 31 758 13 744 61 681
3 105 670 81 696 1 622 1 574
4 149 614 47 529 65 508 166 594
4 174 532 172 510 232 503 235 524
4 389 482 367 488 338 383 360 377
3 529 427 485 439 419 209 463 196
3 692 365 647 374 600 137 644 128
2 597 410 558 420 489 163 529 153
3 761 361 715 370 679 182 725 173
4 803 371 779 375 760 246 784 242
4 834 378 812 383 786 259 808 254
4 861 386 839 391 810 263 833 258
4 885 390 856 387 869 261 898 264
4 907 396 875 386 920 244 952 254
5 162 535 170 586 181 575 175 533
4 297 456 301 468 355 453 351 440
4 295 469 298 481 358 465 355 453
4 299 480 303 495 363 479 359 466
4 303 495 306 509 367 492 364 479
