2 902 574 881 582 829 451 850 443
4 943 286 950 283 958 300 950 303
4 952 280 960 277 969 293 963 296
2 904 552 849 398 865 392 920 547
2 875 747 833 602 853 597 896 741
2 851 730 829 737 786 602 808 595
2 803 580 780 587 745 470 768 464
2 790 868 737 733 759 724 812 860
2 769 870 712 736 734 727 791 860
2 758 890 737 899 680 766 701 757
2 509 723 534 714 582 837 558 846
2 497 731 536 860 512 867 472 738
2 568 885 593 875 643 997 618 1007
2 354 1023 324 943 347 935 381 1023
5 954 351 936 289 926 292 941 354
5 893 316 907 366 918 364 904 312
5 915 309 931 363 925 366 904 309
