5 168 397 121 394 125 305 173 307
4 131 663 138 663 139 685 131 684
4 999 635 1018 634 1016 648 999 649
5 70 656 81 654 81 691 70 689
4 130 640 143 640 143 659 131 658
4 966 534 978 534 979 553 968 553
5 166 527 119 526 122 434 168 435
4 283 377 272 609 227 607 239 375
4 413 632 367 626 399 378 445 384
4 614 198 551 215 546 196 609 179
4 462 625 429 621 448 478 481 483
4 540 636 505 632 520 491 554 494
4 592 634 560 628 581 512 612 518
4 679 640 644 640 646 472 681 472
4 735 637 695 636 697 465 737 466
5 837 628 907 626 904 605 831 610
5 845 640 900 641 900 624 845 622
5 959 628 960 556 974 552 972 623
5 1008 449 1008 390 992 389 992 446
5 904 641 950 639 950 632 904 629
5 961 479 963 529 973 527 970 470
5 68 693 30 604 16 615 51 696
5 272 542 322 541 318 619 270 617
