5 377 503 350 503 350 407 376 406
5 222 363 141 367 129 103 210 100
5 359 360 366 406 376 404 370 359
4 644 920 641 929 664 947 670 938
4 633 934 625 943 658 962 663 953
4 689 935 696 941 685 957 675 952
4 677 965 688 970 681 988 673 983
4 707 946 715 953 703 970 696 963
4 722 956 730 964 715 979 709 972
4 698 976 707 983 695 1001 686 995
4 733 962 744 968 732 988 723 981
4 745 974 753 980 740 995 732 989
4 752 978 760 983 745 999 738 992
4 768 987 776 996 758 1008 752 1001
4 779 990 785 999 766 1015 758 1010
4 788 998 793 1009 776 1019 767 1011
4 557 542 562 553 544 561 541 552
4 387 368 399 368 399 388 389 388
4 390 392 402 392 399 422 388 422
4 439 365 438 373 459 374 462 363
4 437 374 438 383 461 383 461 373
4 441 392 443 403 465 402 466 392
4 478 353 488 358 496 334 486 328
4 484 372 486 384 514 383 514 371
4 822 992 814 1007 825 1012 834 995
4 696 999 700 1004 712 988 709 983
4 713 986 718 991 708 1006 701 1001
4 754 895 748 905 786 920 790 907
4 704 897 711 901 706 917 696 913
4 675 892 679 885 699 893 695 902
4 720 902 728 905 722 926 713 921
4 735 909 742 915 734 934 728 927
4 739 934 747 935 753 916 746 912
4 834 968 843 972 852 950 842 945
4 790 956 798 959 810 936 799 933
4 774 946 782 950 791 930 782 926
4 783 950 788 954 799 934 792 929
4 757 916 765 920 756 939 748 935
4 770 923 778 927 773 945 766 942
4 867 958 863 981 874 982 878 958
4 723 993 728 1001 717 1016 713 1009
4 734 1001 742 1009 730 1021 726 1016
4 830 927 829 935 852 945 855 934
4 717 805 732 809 729 830 719 829
4 746 803 752 810 739 824 734 817
4 753 811 759 815 748 829 741 824
4 758 816 765 822 754 840 746 832
4 765 821 772 826 760 848 752 843
4 784 841 792 848 779 864 770 859
4 776 832 783 839 768 858 762 849
4 829 943 837 947 830 964 824 960
4 663 782 662 791 682 796 684 787
4 689 788 691 801 715 801 715 792
4 847 864 840 871 861 888 867 879
4 822 885 825 892 846 881 841 872
4 885 978 894 981 897 955 889 955
4 910 933 916 940 907 956 898 952
4 918 938 923 943 913 963 907 959
4 925 941 932 945 919 969 912 965
