4 102 198 39 215 34 196 97 179
4 26 632 4 631 8 491 41 488
4 80 634 48 628 69 512 100 518
4 167 640 132 640 134 472 169 472
4 223 637 183 636 185 465 225 466
5 325 626 395 626 394 608 327 610
5 329 641 385 639 386 628 328 628
5 457 623 463 554 446 554 439 621
5 495 452 495 386 480 386 480 452
5 392 639 436 641 437 631 392 627
4 446 480 461 481 462 528 448 527
4 479 482 489 485 490 509 479 507
4 483 609 493 607 493 626 483 627
4 485 638 485 647 520 646 520 633
4 480 513 489 513 487 537 479 536
4 491 515 496 515 497 537 488 536
4 480 547 492 548 488 569 479 567
4 503 549 493 547 489 568 495 570
