4 778 624 926 825 888 853 740 653
4 723 663 821 787 796 806 698 683
4 386 811 419 803 453 937 420 945
4 176 943 151 1023 114 1023 142 933
4 377 949 356 953 339 867 360 863
4 161 897 185 827 207 835 183 905
4 127 935 85 925 88 911 130 922
4 298 740 300 755 348 746 341 727
4 145 845 157 848 141 895 130 889
4 140 724 138 739 165 741 168 725
4 39 751 52 746 62 774 46 779
5 362 777 345 778 359 843 375 838
5 274 814 291 810 304 865 288 868
4 269 785 280 785 280 813 268 810
5 336 786 349 782 357 823 339 826
