4 778 112 926 313 888 341 740 141
4 723 151 821 275 796 294 698 171
4 386 299 419 291 453 425 420 433
4 176 431 141 548 106 538 142 421
4 377 437 356 441 339 355 360 351
4 161 385 185 315 207 323 183 393
4 127 423 85 413 88 399 130 410
4 958 942 964 930 994 947 988 959
4 296 229 298 242 344 234 339 217
4 133 214 134 228 164 227 164 209
4 270 273 278 273 279 296 265 296
5 346 267 361 265 372 327 357 328
5 290 295 276 298 289 351 305 349
5 305 263 314 261 324 295 316 298
4 290 204 302 202 306 222 294 224
5 346 270 335 274 346 313 357 309
4 145 330 156 331 145 376 131 374
