5 932 657 859 757 815 725 888 625
4 141 654 339 718 328 754 129 689
4 1 615 118 641 110 677 1 652
5 443 748 445 692 431 692 430 750
4 462 697 473 700 472 720 457 719
4 491 741 503 744 500 761 487 762
4 489 763 500 762 498 785 488 786
4 493 700 502 702 503 723 489 722
4 551 710 562 710 560 736 552 737
4 563 709 570 708 575 736 565 735
4 581 720 589 721 591 737 585 738
4 526 672 525 679 544 683 544 676
4 511 680 511 689 533 691 536 683
4 511 693 511 704 530 705 533 693
4 605 698 608 706 630 709 632 701
4 598 742 608 744 608 763 600 763
4 597 717 602 717 603 735 593 734
4 618 721 625 723 629 746 620 746
4 583 743 593 743 594 765 588 765
