4 995 619 1020 611 1023 623 1023 703
2 881 684 786 1023 738 1023 836 672
2 702 599 576 932 523 911 649 579
4 659 512 608 622 586 612 636 501
4 648 487 591 600 564 587 621 473
4 633 462 613 471 578 395 598 386
4 479 329 504 442 479 448 454 334
4 427 340 474 500 446 509 398 348
4 405 585 384 593 357 515 377 508
4 302 527 276 534 258 472 284 465
3 1 925 1 791 64 627 109 644
5 598 381 572 322 560 322 583 389
5 586 387 560 326 548 331 571 390
5 559 400 537 339 550 332 573 392
5 351 502 329 441 344 439 365 496
5 1005 542 988 498 979 502 993 544
5 982 549 967 509 977 502 993 544
5 1001 611 987 571 997 567 1010 602
