4 697 876 683 860 727 823 741 839
4 778 765 758 759 780 690 799 696
4 845 699 818 691 846 598 873 606
4 755 575 698 696 677 686 734 566
4 483 619 508 611 538 701 514 709
2 369 684 274 1023 226 1023 324 672
2 190 599 64 932 11 911 137 579
4 147 512 96 622 74 612 124 501
4 136 487 79 600 52 587 109 473
4 121 462 101 471 66 395 86 386
5 790 677 816 628 805 622 778 671
5 827 744 839 701 831 701 815 741
5 800 743 818 698 828 702 815 750
5 486 565 500 606 485 611 471 566
5 477 497 492 541 478 545 465 506
5 472 549 452 507 463 501 484 541
5 85 381 59 318 44 323 68 379
5 72 384 50 321 31 328 61 390
5 46 401 19 333 33 328 60 397
