4 994 486 1023 581 1000 594 967 495
4 518 721 524 719 533 739 526 741
4 955 486 1011 672 978 682 921 497
4 867 540 876 570 724 618 715 589
4 536 662 558 649 621 754 599 767
4 532 764 558 744 645 853 619 874
4 576 861 502 762 522 747 596 845
4 407 835 423 814 515 887 499 908
4 393 857 412 834 499 908 480 930
4 346 899 364 877 454 949 437 971
3 290 944 321 915 424 1023 366 1023
4 248 992 263 973 326 1023 287 1023
5 482 757 429 811 434 817 485 771
5 448 805 484 770 494 779 462 813
5 466 827 504 794 496 784 453 816
5 479 770 516 740 512 732 479 759
