4 1002 1 1023 69 1000 82 972 1
4 518 209 524 207 533 228 527 229
4 962 1 1011 160 978 170 925 1
4 867 28 876 58 724 106 715 77
4 536 150 558 137 621 242 599 255
4 532 252 558 232 645 341 619 362
4 576 349 502 250 522 235 596 333
4 407 323 423 302 515 375 499 396
4 393 345 412 322 499 396 480 418
4 346 387 364 365 454 437 437 459
3 290 432 321 403 486 576 455 605
4 248 480 263 461 355 535 340 554
4 201 507 221 491 312 610 291 626
4 108 613 117 622 88 650 79 641
5 212 584 181 541 192 529 217 572
5 220 561 185 529 195 520 227 548
5 489 260 434 307 429 300 478 246
5 453 300 493 271 487 262 444 293
5 468 315 505 278 495 271 460 304
5 479 261 520 229 508 218 476 246
5 233 493 242 489 270 527 262 534
5 539 206 551 196 670 320 655 330
