4 888 836 924 829 960 1002 925 1009
4 540 760 549 758 556 779 547 782
4 430 823 449 821 450 829 430 831
4 464 954 485 958 484 965 462 961
4 419 954 426 949 446 969 436 974
4 818 833 828 830 841 866 830 869
4 621 893 638 899 638 906 620 904
5 872 938 861 876 878 868 893 934
5 600 1008 620 954 604 949 586 1005
5 705 902 730 821 698 810 666 885
4 581 915 577 931 628 943 633 927
4 476 874 493 873 498 911 480 914
4 370 857 380 857 381 881 371 881
4 380 854 390 854 393 881 383 882
4 400 852 411 850 415 880 404 881
4 389 850 400 850 402 882 394 883
4 439 855 450 850 457 874 442 876
4 378 817 385 830 412 817 407 805
4 431 887 433 896 457 889 455 878
4 421 899 424 909 457 898 455 889
4 426 909 435 920 461 906 457 895
4 857 787 843 789 859 849 873 846
4 796 746 798 763 849 754 847 737
4 783 831 795 828 804 865 791 868
5 639 955 665 962 640 1022 614 1020
5 677 805 653 793 615 879 643 887
4 771 797 782 797 782 819 772 818
