4 43 745 3 715 10 706 50 735
4 123 653 135 671 188 610 176 591
4 150 545 165 541 175 585 161 591
4 179 554 189 541 229 573 221 588
5 598 268 618 261 649 370 633 371
4 844 298 854 298 856 334 846 334
4 161 538 158 516 229 507 232 529
3 414 473 355 485 297 192 355 180
4 523 430 480 449 381 226 423 207
4 697 380 655 393 597 204 639 191
5 595 421 541 440 508 343 563 325
3 755 370 705 370 704 89 753 89
4 847 387 820 387 818 264 845 263
4 906 400 870 399 872 251 907 251
5 281 463 285 477 344 464 340 448
5 284 477 286 489 348 474 343 463
5 285 488 287 502 352 486 348 475
5 287 501 291 515 355 499 349 487
