4 91 621 71 618 83 537 103 539
4 989 571 1014 573 1016 630 988 629
4 153 616 170 616 170 659 150 654
4 924 723 941 725 933 768 918 763
4 948 744 968 749 959 788 944 783
4 145 612 104 610 110 432 152 434
2 326 613 284 617 266 398 307 394
2 467 617 422 617 419 400 464 399
4 612 622 581 621 587 493 618 495
3 806 703 749 674 906 360 963 388
4 769 579 794 587 757 705 732 697
4 827 713 803 704 837 614 861 623
4 895 600 849 716 821 705 868 589
4 877 717 854 708 900 591 923 600
4 904 720 884 713 927 586 948 593
4 919 716 931 610 956 613 944 719
4 971 724 945 722 959 586 985 588
4 994 725 976 724 980 634 999 635
4 1023 725 997 725 1011 627 1023 676
4 829 101 857 91 902 208 874 219
4 936 174 920 189 866 130 882 116
5 225 618 215 564 203 564 208 617
