4 100 110 69 109 74 1 105 1
3 294 191 237 162 318 1 389 1
4 257 67 282 75 245 193 220 185
4 315 201 291 192 325 102 349 111
4 383 88 337 204 309 193 356 77
4 365 205 342 196 388 79 411 88
4 392 208 372 201 415 74 436 81
4 407 204 419 98 444 101 432 207
4 459 212 433 210 447 74 473 76
4 482 213 464 212 468 122 487 123
4 511 213 485 213 487 115 513 115
4 599 105 556 103 562 1 605 1
4 844 114 844 81 1023 84 1023 117
4 523 116 534 117 536 170 520 169
4 520 84 533 81 540 114 528 116
4 544 140 555 139 557 170 545 170
4 408 212 429 215 419 255 403 249
4 436 231 452 234 444 270 425 266
4 958 155 974 155 973 185 959 186
