2 890 69 867 78 836 1 863 1
2 790 74 768 80 744 1 767 1
2 865 243 821 100 841 93 885 237
2 836 225 819 230 778 97 795 92
2 806 255 756 104 778 97 828 247
2 747 387 726 396 671 270 692 261
2 489 227 528 350 500 359 461 236
2 542 201 598 316 576 327 519 212
2 496 221 528 208 576 327 544 340
2 602 356 660 468 638 480 580 367
2 557 378 583 367 632 486 606 497
2 495 389 522 383 553 509 526 515
2 541 373 583 495 559 503 517 382
2 543 521 569 514 601 642 574 649
2 589 506 632 634 610 642 567 513
2 605 504 628 495 673 614 650 623
2 646 483 704 595 681 607 623 495
4 649 603 700 715 671 728 621 616
2 361 544 315 438 335 429 380 536
2 431 694 352 551 374 539 452 682
2 387 728 399 709 536 798 523 817
2 319 723 332 701 476 786 463 809
2 308 752 318 734 457 814 447 832
2 292 773 301 755 402 806 394 824
2 279 799 288 780 387 828 378 846
2 268 819 282 794 378 846 365 871
2 249 840 258 821 356 866 347 885
2 238 856 254 837 336 905 320 925
2 223 877 238 859 324 932 309 950
2 213 890 230 872 309 950 292 967
