2 543 9 569 2 601 130 574 137
2 591 1 632 122 610 130 568 1
2 608 1 634 1 673 102 650 111
2 661 1 704 83 681 95 631 1
4 649 91 700 203 671 216 621 104
2 431 182 352 39 374 27 452 170
2 387 216 399 197 536 286 523 305
2 319 211 332 189 476 274 463 297
2 308 240 318 222 457 302 447 320
2 292 261 301 243 402 294 394 312
2 279 287 288 268 387 316 378 334
2 268 307 282 282 378 334 365 359
2 249 328 258 309 356 354 347 373
2 238 344 254 325 336 393 320 413
2 223 365 238 347 324 420 309 438
2 213 378 230 360 309 438 292 455
