5 663 1023 621 1023 624 964 666 966
4 196 63 209 64 205 99 193 98
4 578 91 591 91 589 121 576 121
5 666 925 620 923 624 837 669 839
4 409 722 345 672 357 657 421 706
3 951 1023 893 1023 887 877 945 875
4 776 166 742 282 715 274 748 158
4 715 161 744 171 700 302 671 292
4 688 158 717 168 673 287 645 276
4 605 352 572 354 566 227 598 225
4 544 221 573 226 554 358 525 354
5 518 269 466 261 497 59 550 68
4 363 187 328 333 296 326 331 180
5 152 86 172 39 184 41 168 92
5 181 90 195 44 205 48 193 95
5 175 150 193 97 181 95 165 142
5 360 95 376 39 389 49 373 97
5 381 175 401 112 378 102 362 168
5 566 157 617 168 617 157 571 141
5 583 177 632 185 633 173 582 164
5 581 189 632 201 633 189 582 175
5 575 205 633 217 637 207 579 192
5 572 220 639 233 633 218 571 206
5 12 84 18 105 80 85 73 64
4 69 43 79 40 88 64 75 68
