4 87 617 44 615 56 426 99 428
4 332 626 332 593 520 597 519 630
5 662 538 621 536 624 452 666 454
5 666 413 620 411 624 325 669 327
4 409 210 345 160 357 145 421 194
5 827 636 776 635 779 546 829 547
4 864 632 840 632 839 566 864 566
3 957 639 899 641 887 365 945 363
5 6 626 10 682 23 682 25 626
5 566 598 567 654 584 651 579 594
5 673 648 672 702 686 701 689 646
5 979 624 979 564 998 568 995 622
4 6 598 20 593 29 627 16 629
4 32 652 41 651 42 683 28 683
4 23 631 32 632 33 652 24 652
4 633 641 642 640 641 661 632 663
4 630 665 642 665 641 690 631 690
