5 873 924 877 1022 853 1023 849 925
5 723 864 638 871 617 613 703 607
2 378 69 355 78 324 1 351 1
2 278 74 256 80 232 1 255 1
2 353 243 309 100 329 93 373 237
2 324 225 307 230 266 97 283 92
2 294 255 244 104 266 97 316 247
2 235 387 214 396 159 270 180 261
2 30 201 86 316 64 327 7 212
2 1 260 8 211 64 327 32 340
2 90 356 148 468 126 480 68 367
2 45 378 71 367 120 486 94 497
2 1 458 5 384 41 509 14 515
2 29 373 71 495 47 503 5 382
2 31 521 57 514 89 642 62 649
2 77 506 120 634 98 642 55 513
2 93 504 116 495 161 614 138 623
2 134 483 192 595 169 607 111 495
4 137 603 188 715 159 728 109 616
5 861 873 864 928 883 928 878 875
4 889 884 901 885 898 907 886 907
4 891 910 903 911 902 939 890 940
4 940 881 939 892 961 894 961 884
4 940 892 939 901 960 903 962 895
4 984 889 983 901 1017 901 1016 888
4 988 846 1001 851 993 877 979 871
4 994 675 1004 676 1004 697 992 696
4 991 697 1004 698 1004 720 990 720
4 991 722 1003 721 1002 740 989 740
4 991 741 1001 741 1003 761 992 760
