5 873 412 877 510 853 511 849 413
5 723 352 638 359 617 101 703 95
2 31 9 57 2 89 130 62 137
2 79 1 120 122 98 130 56 1
2 96 1 122 1 161 102 138 111
2 149 1 192 83 169 95 119 1
4 137 91 188 203 159 216 109 104
5 861 363 866 413 877 413 874 362
4 888 371 903 371 899 396 886 395
4 885 398 904 399 902 427 888 425
4 942 366 940 378 961 379 960 370
4 989 377 987 390 1021 391 1021 380
4 987 334 998 340 991 368 976 362
4 995 164 1006 165 1004 185 991 185
4 986 185 1005 186 1002 208 989 207
4 991 209 1004 209 1003 227 991 227
4 990 227 1004 227 1004 250 992 249
