4 119 477 1 468 1 433 122 442
4 173 459 150 459 152 375 175 375
4 218 461 197 461 197 380 218 380
3 657 355 605 353 611 105 663 107
5 423 342 420 272 443 273 444 340
4 739 484 757 481 760 519 745 522
4 251 357 280 365 274 429 242 423
4 238 430 261 435 262 485 237 482
4 347 455 369 457 356 509 342 505
4 369 457 389 463 373 518 356 511
4 759 441 761 451 786 451 786 435
4 763 457 764 469 794 468 795 453
4 766 487 770 508 801 502 800 487
4 771 510 770 531 803 530 803 514
4 905 520 902 533 942 535 943 517
4 857 477 856 494 888 494 891 478
4 904 482 903 496 935 498 935 485
4 904 464 903 478 942 480 943 467
4 905 446 902 459 945 461 943 449
4 903 428 901 442 938 445 940 432
4 905 414 903 427 942 432 942 418
4 854 346 854 359 901 365 903 350
4 913 349 912 366 957 367 958 354
4 857 379 858 396 899 399 901 382
4 911 385 909 400 948 403 951 390
