4 119 989 1 980 1 945 122 954
5 253 878 274 879 270 931 251 931
4 953 76 959 65 994 84 988 95
4 173 971 150 971 152 887 175 887
4 218 973 197 973 197 892 218 892
3 657 867 605 865 611 617 663 619
5 419 782 429 851 449 849 439 781
5 976 195 930 174 923 184 967 204
5 964 219 911 192 917 182 972 209
5 344 1019 355 974 367 977 356 1020
5 259 997 263 946 251 944 245 998
5 855 859 901 860 901 874 854 872
5 911 865 964 865 963 882 912 882
4 761 953 762 963 786 960 786 947
4 763 969 763 981 793 979 793 967
4 769 1002 769 1014 802 1012 802 1000
4 857 892 857 905 898 910 900 896
4 910 897 909 909 948 912 950 899
4 906 928 904 940 941 943 942 929
4 904 941 905 953 938 955 938 944
4 903 960 904 970 942 975 943 959
4 904 975 905 989 947 991 948 978
4 903 995 904 1006 937 1010 939 996
4 852 986 849 998 887 1007 890 995
4 797 98 788 106 817 129 827 119
4 786 61 780 70 798 83 804 75
4 761 42 755 52 780 68 787 60
4 863 81 856 91 874 100 878 92
4 835 18 843 27 831 45 820 37
4 906 1 916 8 901 27 889 19
4 946 101 955 105 945 125 935 119
4 957 106 963 110 955 129 948 125
4 965 109 973 113 964 134 955 130
4 982 116 989 121 980 141 970 137
4 992 121 1000 124 989 148 980 143
4 1001 124 1008 127 997 152 987 148
4 1009 127 1015 131 1004 157 997 153
4 947 32 944 40 963 49 967 42
4 951 22 950 30 970 38 974 30
4 961 10 953 18 973 31 979 23
4 909 152 906 156 922 165 926 160
4 986 156 997 160 988 182 979 177
4 1018 168 1002 187 1010 193 1021 180
4 898 71 890 79 911 85 917 77
4 779 26 792 35 779 53 768 45
4 892 93 894 101 914 105 917 96
4 976 150 983 153 975 172 970 170
