3 768 837 722 803 900 559 946 592
4 783 687 800 699 725 806 709 794
4 815 231 798 217 850 151 867 164
4 878 147 857 132 940 18 961 33
4 909 165 889 150 960 54 980 68
3 128 145 327 209 315 244 117 181
5 425 241 421 184 431 188 439 242
3 101 166 109 142 1 110 0 143
4 451 192 461 192 458 215 448 213
4 507 163 507 172 532 175 531 166
4 499 173 499 181 525 186 527 174
4 596 187 595 199 622 203 623 194
4 571 236 580 236 582 258 572 256
4 568 209 578 207 581 231 571 231
4 552 203 561 205 558 232 549 232
4 537 201 547 202 544 231 535 228
4 495 186 495 197 520 198 520 186
4 584 235 596 233 599 259 587 259
4 584 208 591 209 591 227 582 226
4 482 214 491 214 489 231 480 232
4 480 233 488 233 489 253 477 254
4 476 254 488 254 488 279 477 279
4 469 193 479 196 476 216 466 214
4 467 211 477 216 474 235 465 235
4 465 235 473 234 472 254 465 255
4 463 254 474 255 472 283 459 282
4 608 207 619 206 622 237 609 234
5 608 241 604 251 690 287 696 273
