2 486 1023 428 1023 355 943 386 914
4 936 801 946 793 984 828 978 839
4 975 774 979 759 1021 778 1021 800
4 823 958 868 919 876 931 840 969
4 930 818 938 805 973 833 966 846
2 540 1023 489 1023 394 911 423 886
2 587 1023 534 1023 437 903 470 877
2 624 1020 588 1023 470 877 499 854
4 654 1000 631 1017 554 910 578 893
2 679 976 649 996 522 805 552 785
2 710 954 680 975 552 785 582 765
2 741 935 707 956 582 765 616 743
2 769 914 741 932 625 757 653 739
4 637 647 580 648 580 630 636 630
5 729 823 759 871 745 879 716 832
4 859 926 840 907 888 858 907 878
5 821 955 790 912 781 918 810 967
4 985 731 976 752 1019 774 1023 748
4 1003 811 964 769 949 785 983 825
