4 971 488 1015 591 989 601 946 498
4 883 591 760 628 753 603 875 566
4 855 546 862 568 739 610 732 589
5 469 765 498 742 506 751 476 775
4 511 726 519 720 532 738 525 743
4 565 741 572 734 594 758 589 765
4 843 531 849 534 838 551 832 546
4 571 724 544 729 527 643 554 638
4 521 728 538 712 626 808 609 824
4 523 770 549 751 637 871 611 890
4 564 869 489 765 509 751 584 854
4 412 818 432 838 345 926 325 907
4 339 939 241 1020 218 993 317 911
5 1009 531 984 483 996 481 1021 521
5 414 817 464 768 473 779 425 826
5 474 782 437 815 445 823 483 792
5 452 835 493 802 483 792 440 824
