4 981 1 1015 79 989 89 951 1
4 207 510 219 500 251 542 240 550
4 181 536 190 529 215 564 208 570
5 470 253 477 261 504 239 498 231
4 567 231 573 224 598 252 592 257
4 513 216 521 210 532 226 523 231
4 841 19 849 26 839 40 831 33
4 883 79 760 116 753 91 875 54
4 855 34 862 56 739 98 732 77
4 571 212 544 217 527 131 554 126
4 521 216 538 200 626 296 609 312
4 523 258 549 239 637 359 611 378
4 564 357 489 253 509 239 584 342
4 412 306 432 326 345 414 325 395
4 339 427 241 508 218 481 317 399
4 207 510 273 607 252 621 187 524
5 200 590 173 552 182 543 207 576
5 416 304 465 254 476 263 427 313
5 476 267 434 300 439 308 486 274
5 493 289 448 322 437 312 487 277
