2 1023 74 1018 114 963 1 992 1
2 994 124 976 131 926 1 941 1
2 956 135 897 1 920 1 976 126
2 761 1 794 1 821 67 793 78
2 718 1 745 1 782 95 758 104
2 853 99 908 215 883 227 828 111
2 806 117 833 108 876 230 849 239
2 797 120 833 248 804 256 769 128
2 608 288 561 180 583 171 629 279
2 611 302 636 290 705 442 681 453
2 584 437 600 412 738 500 722 525
2 536 519 549 493 648 542 635 568
2 506 552 610 602 600 624 496 574
2 479 603 490 577 592 620 581 646
5 583 373 553 415 561 421 592 385
5 541 439 512 482 517 489 550 446
