4 929 128 913 127 915 57 931 58
2 526 107 501 117 451 1 480 1
2 482 124 464 131 414 1 429 1
2 444 135 385 1 408 1 464 126
2 249 1 282 1 309 67 281 78
2 206 1 233 1 270 95 246 104
2 341 99 396 215 371 227 316 111
2 294 117 321 108 364 230 337 239
2 285 120 321 248 292 256 257 128
2 96 288 49 180 71 171 117 279
2 99 302 124 290 193 442 169 453
2 72 437 88 412 226 500 210 525
2 24 519 37 493 136 542 123 568
2 1 554 98 602 88 624 1 581
2 1 616 1 586 80 620 69 646
5 83 381 51 423 43 417 73 375
5 37 448 6 489 0 484 27 443
