4 923 160 942 240 915 246 896 166
4 869 178 897 171 931 311 903 318
4 837 183 863 175 899 299 873 306
4 823 186 855 390 821 396 789 192
4 759 206 783 201 809 315 784 320
4 769 410 711 425 660 233 719 217
4 654 239 663 380 635 382 626 241
4 620 271 630 303 476 356 465 324
4 461 305 470 335 282 395 273 366
4 301 422 374 538 351 552 278 437
4 262 456 284 440 359 547 337 562
4 341 573 365 556 451 674 427 691
4 374 674 350 690 279 584 303 568
4 4 696 144 562 168 587 28 721
5 273 553 244 508 254 498 284 543
5 207 582 170 537 186 523 218 568
