5 911 371 867 359 920 166 965 178
4 715 173 707 182 673 151 681 142
5 752 265 753 303 744 303 743 266
5 753 303 757 343 748 343 745 304
5 659 146 662 191 652 191 648 147
5 632 148 642 148 644 182 634 183
5 590 141 579 142 577 102 588 101
5 563 141 561 103 570 103 572 140
5 710 340 697 339 698 301 711 301
5 686 341 683 295 694 294 697 341
5 679 344 667 344 667 299 678 298
5 649 346 636 346 635 301 647 301
5 629 346 620 346 620 312 629 312
5 607 364 571 366 570 356 607 354
5 538 196 505 194 505 185 538 187
5 543 233 543 244 506 246 505 234
5 540 252 507 255 506 246 539 243
5 541 261 507 262 507 255 541 254
5 543 280 504 280 504 269 543 269
