4 936 335 830 452 808 432 914 315
5 399 883 355 871 408 678 453 690
4 203 685 195 694 161 663 169 654
5 240 777 241 815 232 815 231 778
5 241 815 245 855 236 855 233 816
5 147 658 150 703 140 703 136 659
5 120 660 130 660 132 694 122 695
5 78 653 67 654 65 614 76 613
5 51 653 49 615 58 615 60 652
5 198 852 185 851 186 813 199 813
5 174 853 171 807 182 806 185 853
5 167 856 155 856 155 811 166 810
5 137 858 124 858 123 813 135 813
5 117 858 108 858 108 824 117 824
5 95 876 59 878 58 868 95 866
5 26 708 1 706 1 697 26 699
5 31 745 31 756 1 757 1 745
5 28 764 1 766 1 757 27 755
5 29 773 1 773 1 766 29 766
5 31 792 1 792 1 781 31 781
4 603 706 577 788 556 782 582 700
